1.000000000000000000e+00 9.837824149816428720e-01 9.863883749955902891e-01 9.633973910541879793e-01 9.840946206927778661e-01 9.829668576360370835e-01 9.823211181211154441e-01 9.758510955315268243e-01 9.975295409749220799e-01 9.841065823859265205e-01 9.825875167296804769e-01 9.803539582143496744e-01 9.964152648444840610e-01 9.679422524903675829e-01 9.867568347844052346e-01 9.925653118211004156e-01 9.959655561156797177e-01 9.902890369251572400e-01 9.973773674334601713e-01 9.895973418990509085e-01 9.885596069911792849e-01 9.715701736450178538e-01 9.562588519008131671e-01 9.894325424663465984e-01 9.939024806034024717e-01 9.443957306840801147e-01 9.892248127885163722e-01 9.693157606403697280e-01 9.918782307464205639e-01 9.931134992268452200e-01 8.570334656484180913e-01 9.800660725167602561e-01 9.972933963021816117e-01 9.697836849829376549e-01 9.851810870950756804e-01 9.845456261203420212e-01 9.859127378939570585e-01 9.817765303369269114e-01 9.890835187306883380e-01 9.876451822493310662e-01 9.903626310411546285e-01 9.903038453626734627e-01 9.667026129527456213e-01 9.765810985377826325e-01 9.795503654018071771e-01 9.840560667501753178e-01 9.837976668589352158e-01 9.972164712185250801e-01 9.833326716138861556e-01 9.932158928040570878e-01 9.981713543077265216e-01 9.867606112264947216e-01 9.740040048374469794e-01 9.779594198598210442e-01 9.805843199268586829e-01 9.913049664637916258e-01 9.816879790816337437e-01 9.922565554678800526e-01 9.922734751944554121e-01 9.927301261320330417e-01 9.923870723706701424e-01 9.924354100214185515e-01 9.752883287179872074e-01 9.950859039774976322e-01 9.840504231621277631e-01 9.859972177926574766e-01 9.974626546816700579e-01 9.958545087761554448e-01 9.923043289803037403e-01 9.931907335651370961e-01 9.788852201712192613e-01 9.889236355947109702e-01 9.692574278055962056e-01 9.925661751475760575e-01 9.958440460358416457e-01 9.672106054968446776e-01 9.853768213354906491e-01 9.951367424913385440e-01 9.979969074515966376e-01 9.943742829720350063e-01 9.593209694355483430e-01 9.755188130655713108e-01 9.666829053846093256e-01 9.948812980811292395e-01 9.921163691162843135e-01 9.822534659194122053e-01 9.968530347495151434e-01 9.866052412823731466e-01 9.879535218148206566e-01 9.955130588070735254e-01 9.947589564985328536e-01 9.505906296779099707e-01 9.911329178206610413e-01 9.855973539732817423e-01 9.768989231508787840e-01 9.862415269637677673e-01 9.813292283461241272e-01 9.457259113952077856e-01 9.845943387664707336e-01 9.822680802198137107e-01 9.850282694328986732e-01 9.897402425774431967e-01 9.809170976620907867e-01 9.844473887034402848e-01 9.887745068453476227e-01 9.800637943865579960e-01
9.837824149816428720e-01 1.000000000000000000e+00 9.966729205438064065e-01 9.898418400760169433e-01 9.976825070373611659e-01 9.895450355193391445e-01 9.903393578704713374e-01 9.912578018169726501e-01 9.918241503966488404e-01 9.812129249065453251e-01 9.993264620442865453e-01 9.912533483749906837e-01 9.925355647287077421e-01 9.742595636061462949e-01 9.969596753163721958e-01 9.888717034375810178e-01 9.776354712785950696e-01 9.947881522824278955e-01 9.900113472300726691e-01 9.922452819129627954e-01 9.938960269405835435e-01 9.890157299242344768e-01 9.828974259499765331e-01 9.980404359829769811e-01 9.928828794044606276e-01 9.759209422218931840e-01 9.963938298846178876e-01 9.866921492496567581e-01 9.891666070595326321e-01 9.899831072178799651e-01 8.942363883256488899e-01 9.952262152465704004e-01 9.902954467349179835e-01 9.847834486754261096e-01 9.956891586353170398e-01 9.992209032892475085e-01 9.974288304207719058e-01 9.781184267227370777e-01 9.979437337835647126e-01 9.900235534808002891e-01 9.940477375286123074e-01 9.927315633596053290e-01 9.894854661701816267e-01 9.918058203408616214e-01 9.824416499094870137e-01 9.987611242537141054e-01 9.871005295928437784e-01 9.890086982756447487e-01 9.943126257670243939e-01 9.959631063555455244e-01 9.889263313208531692e-01 9.974483508188790593e-01 9.939501838505711007e-01 9.887068503119048613e-01 9.967995670154725651e-01 9.867315093822520700e-01 9.905184150202593907e-01 9.954608553138936111e-01 9.869624924312090375e-01 9.936754591839305206e-01 9.948607099722122094e-01 9.901922942435501529e-01 9.910736592469978623e-01 9.922063671358511971e-01 9.859998375087806188e-01 9.849639843229918146e-01 9.901467232222408432e-01 9.785245431419177242e-01 9.950784533343135507e-01 9.926119493349178091e-01 9.918173778232508564e-01 9.932745790594803559e-01 9.856878366341338404e-01 9.942959131232294023e-01 9.921821611626039372e-01 9.771202125793803095e-01 9.693223397145575015e-01 9.887105597865466500e-01 9.906118693094798644e-01 9.948731927396595731e-01 9.907047238274816481e-01 9.784836935731282548e-01 9.937057915080541592e-01 9.888132550012148636e-01 9.916406249117720728e-01 9.901601237575018422e-01 9.847459750436442505e-01 9.741248757477329878e-01 9.859161698266583063e-01 9.917706874094702751e-01 9.908244545131911218e-01 9.827730281264300816e-01 9.934841883470985069e-01 9.832613295116289232e-01 9.873388174748028989e-01 9.958067912827553991e-01 9.863573913372758462e-01 9.585085196233658067e-01 9.972634424032694733e-01 9.882110618812308678e-01 9.897599298089317932e-01 9.859514580412473972e-01 9.988325459827678277e-01 9.920745902702232666e-01 9.947428484087413869e-01 9.963792127321265957e-01
9.863883749955902891e-01 9.966729205438064065e-01 9.999999999999996669e-01 9.863755065094513830e-01 9.976193979012397683e-01 9.850696525829211181e-01 9.868245053982017678e-01 9.890508901962365984e-01 9.936576089054596217e-01 9.814527603379080700e-01 9.968577926140304024e-01 9.885472208790678783e-01 9.947309825427036456e-01 9.637829447808835548e-01 9.972369461937715673e-01 9.875345464534471818e-01 9.788099098277748267e-01 9.926021417530811464e-01 9.906407809611302850e-01 9.909156016196339900e-01 9.898196713671505442e-01 9.804524969212199403e-01 9.749778047504554790e-01 9.966649875667826786e-01 9.908032201743368628e-01 9.648909657884188196e-01 9.947798102441905987e-01 9.788832021773664627e-01 9.893292967212815592e-01 9.921176453397704265e-01 9.116701816165386774e-01 9.935175569806088403e-01 9.936474272945380326e-01 9.782517616844308428e-01 9.987989536415591285e-01 9.951475427351996750e-01 9.972357948649250847e-01 9.717469527900245430e-01 9.977205458019250406e-01 9.858887297434213437e-01 9.979858472662914703e-01 9.911161083152824069e-01 9.844259126195125109e-01 9.861530611440139094e-01 9.769347434746624703e-01 9.941193768610301351e-01 9.825314952766023291e-01 9.940423383728219653e-01 9.940127351953701451e-01 9.951749145573404176e-01 9.914663169283436384e-01 9.962165587869982186e-01 9.915329938394781273e-01 9.816955384627870096e-01 9.972963682408726438e-01 9.855051115764641434e-01 9.852318084871370951e-01 9.933297141607423386e-01 9.825578714140075220e-01 9.928489953646212340e-01 9.931343054699282025e-01 9.891008597256180090e-01 9.848296004786706304e-01 9.939007181613380704e-01 9.847750818810039330e-01 9.894271165648379496e-01 9.907165844639511665e-01 9.777357910245385586e-01 9.917189569372221181e-01 9.967885319915003040e-01 9.903202900796800323e-01 9.909918159140406191e-01 9.804492361530638966e-01 9.920704685751868812e-01 9.913372059166163375e-01 9.684202450461610878e-01 9.689552897588291636e-01 9.881787407138352686e-01 9.928428821047576847e-01 9.945189350745159418e-01 9.906030282998473657e-01 9.711675632358096610e-01 9.892103890426842128e-01 9.886429307010715650e-01 9.945825523494042919e-01 9.815242758039494086e-01 9.858852433638469748e-01 9.711513547704705429e-01 9.855801604500883384e-01 9.893678152617700894e-01 9.873102859927068709e-01 9.759041909141009663e-01 9.892448669320620391e-01 9.789061514141161879e-01 9.810017046704967436e-01 9.896189591067239277e-01 9.853034564091061043e-01 9.449582325032095387e-01 9.934040835805143521e-01 9.791202153982695444e-01 9.919237378294003538e-01 9.928420066570240454e-01 9.957667766776456819e-01 9.909492264877901579e-01 9.953812831930981542e-01 9.905518711553283895e-01
9.633973910541879793e-01 9.898418400760169433e-01 9.863755065094513830e-01 1.000000000000000222e+00 9.906485956879321764e-01 9.914202494639462460e-01 9.931012065360689256e-01 9.976544594583679482e-01 9.767262067048128049e-01 9.844267528054033711e-01 9.908149275535483858e-01 9.953697048782235157e-01 9.785676655348813924e-01 9.815866097409939872e-01 9.900231518977230527e-01 9.824886879120653393e-01 9.659848977103249190e-01 9.891706487192872821e-01 9.719016683435238724e-01 9.890376064561126057e-01 9.884702554070524672e-01 9.935100254750828253e-01 9.964546124824207318e-01 9.879888314432859753e-01 9.826549507514020787e-01 9.925381309235306038e-01 9.901331617467029611e-01 9.950131392262643315e-01 9.841671140689690622e-01 9.851114281785284810e-01 8.689708414974366413e-01 9.971107968533320376e-01 9.783853999570101267e-01 9.936826259003876949e-01 9.864067803175141647e-01 9.904270497970411036e-01 9.913860897226738356e-01 9.787280154034044832e-01 9.869670855870630310e-01 9.872207387221695329e-01 9.782597389899138074e-01 9.891031600952259195e-01 9.987593310745737085e-01 9.954194267836371512e-01 9.862940715858604657e-01 9.922030723372218253e-01 9.884018154553961821e-01 9.730602044273188866e-01 9.954840620830890385e-01 9.846331559072913908e-01 9.748477965436249670e-01 9.899568128395226374e-01 9.975518977424313594e-01 9.920943427740115395e-01 9.902526297826342860e-01 9.819189303840228922e-01 9.925126827013505126e-01 9.871043518191332522e-01 9.780743091562035252e-01 9.871320832166859960e-01 9.876723251238885837e-01 9.853204377743810527e-01 9.955547010945512421e-01 9.833140103194587534e-01 9.896507340538882591e-01 9.863489702359100608e-01 9.716115246674376094e-01 9.651813784219303027e-01 9.832367290759732592e-01 9.837006629783120459e-01 9.964137812567191999e-01 9.889834910246525501e-01 9.958083009433129629e-01 9.871808317566509450e-01 9.810857242928444633e-01 9.858571831110226613e-01 9.677703736355652842e-01 9.807878259115213604e-01 9.712645991993508199e-01 9.785946615185827646e-01 9.841837712532170990e-01 9.844454316459682053e-01 9.973451179993647608e-01 9.795779961762610677e-01 9.853798377882390103e-01 9.869195173460597603e-01 9.745129631509635848e-01 9.694884290253420467e-01 9.861050021320911796e-01 9.805856961606949085e-01 9.737845761957794055e-01 9.968535694675982883e-01 9.846598453574270104e-01 9.815531103631229826e-01 9.914936733868169316e-01 9.822606206194639533e-01 9.912749605165140920e-01 9.744612799930134628e-01 9.914576748949605056e-01 9.840092015003186754e-01 9.904831332682124678e-01 9.634005588847165402e-01 9.939223354176491831e-01 9.935682971473196456e-01 9.919537244878242621e-01 9.913722963578360803e-01
9.840946206927778661e-01 9.976825070373611659e-01 9.976193979012397683e-01 9.906485956879321764e-01 1.000000000000000222e+00 9.889400524397058412e-01 9.902457817899733561e-01 9.918396269717842939e-01 9.929789708240129853e-01 9.815232275640940474e-01 9.990125873334744222e-01 9.922316712706704678e-01 9.940455852300895678e-01 9.716102106057911136e-01 9.994678099502432023e-01 9.900254628303075677e-01 9.782316149743947031e-01 9.958194499607491146e-01 9.906060844139756849e-01 9.948723967587816963e-01 9.948181609356128163e-01 9.865487622793059908e-01 9.814370380974294372e-01 9.988978544416030614e-01 9.921386134788422462e-01 9.744645523167408951e-01 9.979844547711290703e-01 9.854646257290420319e-01 9.918591333671004096e-01 9.927391761962685024e-01 9.015422822929821667e-01 9.952313304479606382e-01 9.918972370285531470e-01 9.823912521090195638e-01 9.988603524672537981e-01 9.969817652064284497e-01 9.996510426095552848e-01 9.765482724975492745e-01 9.992061577993166521e-01 9.910979929999691462e-01 9.966467482995888805e-01 9.926884436543890189e-01 9.884761171418262604e-01 9.918522778949810936e-01 9.839307717200391767e-01 9.972864774765829443e-01 9.862318569458933259e-01 9.914605486239049803e-01 9.961594568649996262e-01 9.965363599974035314e-01 9.906658317938014102e-01 9.994318941538515855e-01 9.960605207694773755e-01 9.884748088995761739e-01 9.995610895598504575e-01 9.852215336840233206e-01 9.904446989959085901e-01 9.958716269960650180e-01 9.861548677258188400e-01 9.949178029646464916e-01 9.948395463437605946e-01 9.903203679465494291e-01 9.914624356290998586e-01 9.935057135767071390e-01 9.881598541213449938e-01 9.875876839138296726e-01 9.889116720783388548e-01 9.780973413271548678e-01 9.949747328861894280e-01 9.949451845514079018e-01 9.937353487206315172e-01 9.915753020240609672e-01 9.848384214527762248e-01 9.934278367539584043e-01 9.925228347001284757e-01 9.733853286518439063e-01 9.691250641683333278e-01 9.901421291668015545e-01 9.897712859172466127e-01 9.930408935717861540e-01 9.919879506485606013e-01 9.783291801707237889e-01 9.938176829561751191e-01 9.916498786090718331e-01 9.951783660854249813e-01 9.871049711992411213e-01 9.857619295892775524e-01 9.710322549757415267e-01 9.881391799183623093e-01 9.918434991799167655e-01 9.901317091030326090e-01 9.848277598932559940e-01 9.932811828596018744e-01 9.809258383736755293e-01 9.849196123303316508e-01 9.920875996355720261e-01 9.890930460255118462e-01 9.538784247364158198e-01 9.980581548647062817e-01 9.862762532024847983e-01 9.908259479025819383e-01 9.895950946422230610e-01 9.963327265707552227e-01 9.928022398728912901e-01 9.970378902795752341e-01 9.969490311923688841e-01
9.829668576360370835e-01 9.895450355193391445e-01 9.850696525829211181e-01 9.914202494639462460e-01 9.889400524397058412e-01 9.999999999999998890e-01 9.992044205297967441e-01 9.971275320065249304e-01 9.883113034162396282e-01 9.961971314591878679e-01 9.892125564897041867e-01 9.979379831521024702e-01 9.884479310144581587e-01 9.948049634761892968e-01 9.910946166309051453e-01 9.955359223117875578e-01 9.886558088981916015e-01 9.962676699315039519e-01 9.855162610983861926e-01 9.966186937338873397e-01 9.962617088954802691e-01 9.961732220005281579e-01 9.916389364186984912e-01 9.913486258140412621e-01 9.935840865524022680e-01 9.861436931290245012e-01 9.941654540967269638e-01 9.971414175464882179e-01 9.949428930138168869e-01 9.947793654895660254e-01 8.329113543380923801e-01 9.960833904687563800e-01 9.906547780601424602e-01 9.973683851964606495e-01 9.843810818338976087e-01 9.919356323136231390e-01 9.912022863291805042e-01 9.960911756618230362e-01 9.894280680776841308e-01 9.974518121762849798e-01 9.810133641701958007e-01 9.978247941603147764e-01 9.948651907124481664e-01 9.974576170642892592e-01 9.967160493582942760e-01 9.934770206424853312e-01 9.990618754947756530e-01 9.840827740009572278e-01 9.962336174596365668e-01 9.918607686713322158e-01 9.892191299390543646e-01 9.911909597661446858e-01 9.920202079402063999e-01 9.982174224407259766e-01 9.862405993946320448e-01 9.963063544259859183e-01 9.990466006405152033e-01 9.957788405024369238e-01 9.949735898141544022e-01 9.958851648776532173e-01 9.965800657177039668e-01 9.970834047609297146e-01 9.972658931793136894e-01 9.933095550000561325e-01 9.978240603047451307e-01 9.931011773986050395e-01 9.858704288867407017e-01 9.889517485937394659e-01 9.927782177831155908e-01 9.904525547717620837e-01 9.970650850988209690e-01 9.965938663168054656e-01 9.971348117329248417e-01 9.971558694921979216e-01 9.938583841843637856e-01 9.956115618279584023e-01 9.906925608258765337e-01 9.951402804436694227e-01 9.843764221340094434e-01 9.881323950912910270e-01 9.688200294672756341e-01 9.968638860546402691e-01 9.888760422126310345e-01 9.926972684774175715e-01 9.926813511725948169e-01 9.973124162328369513e-01 9.922513560127836918e-01 9.917775428097355128e-01 9.974344037753195558e-01 9.946477347447578721e-01 9.876411892143536209e-01 9.862314417506069519e-01 9.954592998432854056e-01 9.966395447214705383e-01 9.978926667736206513e-01 9.891985001108600795e-01 9.971434624763488852e-01 9.855306801789125437e-01 9.931371509341985204e-01 9.960789524164301856e-01 9.954613426947117594e-01 9.685591928290339103e-01 9.922886877171674946e-01 9.983417796873466088e-01 9.959031891901144462e-01 9.920612526602838876e-01
9.823211181211154441e-01 9.903393578704713374e-01 9.868245053982017678e-01 9.931012065360689256e-01 9.902457817899733561e-01 9.992044205297967441e-01 9.999999999999998890e-01 9.984186969224072561e-01 9.884048696500942199e-01 9.961944399286801755e-01 9.901577729098027802e-01 9.985933089971127385e-01 9.885899295141967746e-01 9.929836394737054928e-01 9.916012467237886874e-01 9.956582295883152911e-01 9.881093697191035696e-01 9.963472812054963157e-01 9.855015859968919711e-01 9.972611615806580287e-01 9.962726472980389936e-01 9.972199665601851892e-01 9.926047902316159632e-01 9.921467237904234571e-01 9.943133648844607597e-01 9.880128974378891149e-01 9.946850787042833542e-01 9.975253817476921192e-01 9.945004503026142473e-01 9.944776935088017744e-01 8.396945248579619214e-01 9.971505837633163338e-01 9.906472238309134148e-01 9.966336180472673556e-01 9.864065006343735176e-01 9.928474986743172082e-01 9.922821536702118861e-01 9.948491133381265339e-01 9.899776803364522815e-01 9.969743912075950121e-01 9.823459657387731969e-01 9.978033183995962396e-01 9.962552438833994772e-01 9.983065470334949731e-01 9.964185682011591494e-01 9.939405658538094102e-01 9.988390101890575190e-01 9.852030390162276330e-01 9.973461285483400385e-01 9.923362959501343949e-01 9.885770483186754332e-01 9.924778154913955763e-01 9.944693180031923818e-01 9.982227094241119536e-01 9.879573299340572712e-01 9.959768531578542250e-01 9.993983914681870973e-01 9.959885924338511831e-01 9.941496337287544227e-01 9.967857030762086179e-01 9.956776093307433406e-01 9.972084938611056604e-01 9.981372080946019354e-01 9.930906477981782388e-01 9.986633906310303788e-01 9.941262519885947224e-01 9.857146830493350720e-01 9.874677936878968332e-01 9.928531041114989630e-01 9.908340317000593478e-01 9.969967411261768664e-01 9.971831447690159278e-01 9.971830436465870529e-01 9.969354542017967447e-01 9.939156272857470054e-01 9.947086676334702116e-01 9.889107420434688489e-01 9.950814494072313110e-01 9.839921137998443035e-01 9.876806642751098098e-01 9.725529382726979533e-01 9.960461554943111917e-01 9.905909129185925810e-01 9.923602837547514932e-01 9.937604335783634113e-01 9.959776182391452126e-01 9.920494166966052907e-01 9.899015121133546424e-01 9.961959389439790646e-01 9.937841889366784143e-01 9.874417997320618090e-01 9.884052747245480885e-01 9.955009459555246298e-01 9.954197741877371941e-01 9.976420917015776935e-01 9.894375010498930312e-01 9.981251443689705960e-01 9.839114651507875342e-01 9.935458286197141886e-01 9.951389598464880359e-01 9.958267349624291276e-01 9.704586338313629934e-01 9.936523671878249031e-01 9.987305082539297274e-01 9.967754824347723197e-01 9.927103243608074168e-01
9.758510955315268243e-01 9.912578018169726501e-01 9.890508901962365984e-01 9.976544594583679482e-01 9.918396269717842939e-01 9.971275320065249304e-01 9.984186969224072561e-01 1.000000000000000666e+00 9.848627508513684292e-01 9.933658085070797839e-01 9.916536004708534913e-01 9.987211065841796742e-01 9.860848533923746162e-01 9.882075342846203814e-01 9.925583400156801073e-01 9.914465023989016412e-01 9.803339879613442998e-01 9.943574851816574522e-01 9.809779415842654338e-01 9.948173736062888572e-01 9.935096535938010565e-01 9.960563395289790956e-01 9.950528471665386343e-01 9.915723730814904879e-01 9.902773579245539581e-01 9.900732031298783431e-01 9.936366375445493393e-01 9.970085649626211355e-01 9.916138843355672972e-01 9.923820937477205728e-01 8.565042818253978396e-01 9.989501784477654578e-01 9.876637540052550790e-01 9.965945407459465555e-01 9.884241780466177518e-01 9.926823574725942567e-01 9.933190196357831736e-01 9.886626033965075777e-01 9.900410984696453864e-01 9.935780894057035795e-01 9.825727954821642518e-01 9.953871454386612472e-01 9.987775888943779545e-01 9.978744393444696215e-01 9.924823580029726866e-01 9.939281525703776987e-01 9.955993890973307003e-01 9.822988962817847947e-01 9.984580274119352339e-01 9.901031961300859052e-01 9.845479944548302109e-01 9.924573935604074082e-01 9.968892623594647340e-01 9.958721072160778842e-01 9.905454483640276919e-01 9.918504719651062285e-01 9.972601776666402129e-01 9.933004824845624858e-01 9.879923007563241599e-01 9.939882319317472348e-01 9.935496217645116701e-01 9.937014138415752873e-01 9.975935689437790410e-01 9.909110028574037443e-01 9.963519018105606584e-01 9.939343924061966318e-01 9.812168563591521231e-01 9.793766510563978178e-01 9.894931681049033978e-01 9.903675065628310126e-01 9.984345934270291156e-01 9.952030926276838052e-01 9.979382834127051849e-01 9.941330500012827143e-01 9.896325152465893504e-01 9.917845591479900191e-01 9.818951574167945617e-01 9.902565598531264390e-01 9.803820089079805511e-01 9.852115756882290354e-01 9.792113457034775648e-01 9.913880065705719113e-01 9.944159415657420897e-01 9.880063472407213387e-01 9.922948617922311421e-01 9.922236985597562287e-01 9.863245917620679926e-01 9.827423137779449647e-01 9.936093901564094777e-01 9.889854842580503291e-01 9.818009944335095440e-01 9.926749367480699471e-01 9.914083686760292169e-01 9.906681980439427937e-01 9.960313912081690813e-01 9.865643749446221245e-01 9.968377583549962173e-01 9.796918989848362180e-01 9.932322294055155876e-01 9.902755788261541348e-01 9.963041014546216712e-01 9.695720003188040836e-01 9.951983862475786147e-01 9.985181345802822683e-01 9.965174129318523644e-01 9.923170230758420196e-01
9.975295409749220799e-01 9.918241503966488404e-01 9.936576089054596217e-01 9.767262067048128049e-01 9.929789708240129853e-01 9.883113034162396282e-01 9.884048696500942199e-01 9.848627508513684292e-01 1.000000000000000222e+00 9.865764455286940571e-01 9.917437731698092174e-01 9.879450552165239818e-01 9.986155400126932591e-01 9.724717403522615822e-01 9.942017223955776917e-01 9.938453710354748782e-01 9.928979101686796760e-01 9.949710068230992466e-01 9.982585543109305792e-01 9.949629243000790435e-01 9.944502759353004429e-01 9.805498614073105967e-01 9.697513224541806087e-01 9.958778641551057076e-01 9.973905867511241308e-01 9.586935236552593942e-01 9.958994736647160950e-01 9.786386618458333686e-01 9.942309914079838773e-01 9.965266452097920613e-01 8.773683178574583907e-01 9.886287435303817706e-01 9.985989779361061913e-01 9.782348252650624465e-01 9.936923982716078241e-01 9.925363469081524004e-01 9.939155724516356427e-01 9.830735654164987070e-01 9.960736436403543337e-01 9.916993706432560840e-01 9.954743119044402455e-01 9.946891916612956575e-01 9.779988290929721995e-01 9.845627858663176246e-01 9.838537656102647189e-01 9.919550240278843800e-01 9.875578882710139839e-01 9.985134187133262174e-01 9.911206618979502281e-01 9.986109097995026218e-01 9.981886839993985294e-01 9.944674519650251732e-01 9.855551530937031179e-01 9.855607413827507379e-01 9.904864255752617863e-01 9.925578025047613329e-01 9.879963182371467312e-01 9.968468406815804705e-01 9.925321938888359563e-01 9.967171094125586439e-01 9.968293967266235178e-01 9.948715222876212128e-01 9.843798093032316565e-01 9.975683464056182004e-01 9.886281017392021253e-01 9.894814899029329425e-01 9.983998063479903040e-01 9.920776960965033142e-01 9.956220827429873577e-01 9.966035574330232016e-01 9.874215108918785733e-01 9.938451799603292836e-01 9.779639192537210590e-01 9.962620251492629864e-01 9.984269965398180346e-01 9.722162808136100010e-01 9.828371650421676708e-01 9.964501703825925372e-01 9.985187744840137158e-01 9.982746074597376174e-01 9.742064093095037514e-01 9.801438798254684670e-01 9.809516276432290738e-01 9.968374957580362627e-01 9.964333781155371161e-01 9.877490978676712885e-01 9.959065735766960969e-01 9.843560492706289189e-01 9.909690281679255364e-01 9.975581762669795127e-01 9.966320181881020979e-01 9.661475642718959644e-01 9.952951972592829488e-01 9.884341800128283451e-01 9.839754114652821126e-01 9.927848793742707345e-01 9.865517532144938428e-01 9.523307200206879708e-01 9.925529406633953888e-01 9.863979526452674174e-01 9.898106726602118322e-01 9.930802805501881547e-01 9.897582313110160346e-01 9.901383615733992949e-01 9.952303690066894859e-01 9.892482486125764307e-01
9.841065823859265205e-01 9.812129249065453251e-01 9.814527603379080700e-01 9.844267528054033711e-01 9.815232275640940474e-01 9.961971314591878679e-01 9.961944399286801755e-01 9.933658085070797839e-01 9.865764455286940571e-01 9.999999999999996669e-01 9.798788816342633989e-01 9.941688516309886703e-01 9.866390758055639809e-01 9.899297563131170818e-01 9.844139302526887514e-01 9.938112058719100750e-01 9.922259577688326004e-01 9.916655018560077695e-01 9.824462231643357191e-01 9.929469633118727101e-01 9.894891825904685856e-01 9.883383107879188945e-01 9.836955067735536629e-01 9.842435964435072293e-01 9.906797709195467316e-01 9.757965513878084085e-01 9.888018085972938298e-01 9.905545546808183222e-01 9.935205206898691799e-01 9.949994347001679396e-01 8.207807483075922894e-01 9.919635381621436654e-01 9.911576571113716039e-01 9.929935815508016406e-01 9.787927429690495007e-01 9.840642050125246731e-01 9.848701154969558003e-01 9.946205631908590084e-01 9.824223479060738562e-01 9.925698349192557668e-01 9.767767445194602827e-01 9.963704170613026934e-01 9.889302413530196567e-01 9.910985035823728362e-01 9.935883606771538368e-01 9.854262246961725813e-01 9.966013927699413077e-01 9.843195453633317715e-01 9.927487843539608559e-01 9.869878764371591284e-01 9.892130875649386423e-01 9.839110565834818800e-01 9.854071468333235329e-01 9.918709695165157658e-01 9.779324013912868985e-01 9.973466064583287327e-01 9.942169629559134414e-01 9.907813362061677065e-01 9.917500120422628740e-01 9.931545056965904728e-01 9.927419460035831200e-01 9.964986186283774083e-01 9.899957970817490072e-01 9.924579768185028961e-01 9.976771256754437545e-01 9.969684592419770786e-01 9.837558249587876613e-01 9.903691498539953786e-01 9.862592598533400645e-01 9.901403070199407130e-01 9.930911996563011046e-01 9.944337245809033998e-01 9.934285431452675175e-01 9.940009632515169891e-01 9.911715164574808057e-01 9.929439824742980480e-01 9.960847218523816160e-01 9.943161991323102855e-01 9.835414652005667335e-01 9.839965783422687240e-01 9.565015251617284830e-01 9.935810691024080654e-01 9.788305467096196644e-01 9.902560461493010724e-01 9.911965567868934457e-01 9.897799031069898223e-01 9.938603845993374541e-01 9.953644827210230694e-01 9.972602030385400163e-01 9.908878910426066611e-01 9.819388452176613935e-01 9.751676859692069987e-01 9.892264681762591438e-01 9.957899597824342308e-01 9.935037115975258182e-01 9.802678491460010690e-01 9.963765106129945925e-01 9.810897087602027389e-01 9.848369000129330031e-01 9.877644770142135489e-01 9.964043114816846236e-01 9.659820142881915261e-01 9.859121551965236430e-01 9.959935733094703592e-01 9.928772201272229037e-01 9.810518388313338445e-01
9.825875167296804769e-01 9.993264620442865453e-01 9.968577926140304024e-01 9.908149275535483858e-01 9.990125873334744222e-01 9.892125564897041867e-01 9.901577729098027802e-01 9.916536004708534913e-01 9.917437731698092174e-01 9.798788816342633989e-01 1.000000000000000000e+00 9.915836839042009299e-01 9.923565336725505004e-01 9.730656708316044456e-01 9.983264814627176298e-01 9.885952941312561304e-01 9.764333153334496807e-01 9.948663814105118686e-01 9.897897790825118669e-01 9.931686990139968474e-01 9.946761366009122529e-01 9.887583515789295507e-01 9.833353798251045497e-01 9.987191092112913671e-01 9.922372445641809424e-01 9.765513372789533797e-01 9.968539536215265118e-01 9.865631764964689632e-01 9.893166202027333656e-01 9.901807143466595518e-01 8.995134915803089104e-01 9.950841132797588751e-01 9.900779075135716090e-01 9.839974658221417592e-01 9.974071346392038295e-01 9.986279987763527766e-01 9.984489176293367407e-01 9.768352697510543914e-01 9.988261603972342639e-01 9.903043013729472266e-01 9.948276263302759936e-01 9.918582472404173789e-01 9.895002143042685994e-01 9.918118500811339278e-01 9.823062856460571535e-01 9.982687179927433041e-01 9.863212409061833386e-01 9.893007099595245712e-01 9.949467059943862823e-01 9.962885239699726947e-01 9.884482579291354876e-01 9.986159083435879324e-01 9.951135930251565620e-01 9.888767974492369550e-01 9.986928597347032310e-01 9.851801943056516242e-01 9.904061992548887083e-01 9.956752789740883625e-01 9.860229407134057933e-01 9.937848258948206448e-01 9.945645290947964234e-01 9.894364431713229546e-01 9.916365593259530709e-01 9.919592664250641567e-01 9.860766893604742123e-01 9.847497285181600057e-01 9.892403570734408236e-01 9.770743738283526048e-01 9.949424984856940490e-01 9.927806332283757307e-01 9.924273782184628301e-01 9.922125739951422885e-01 9.850876184396516466e-01 9.935968741237592994e-01 9.920678288582162052e-01 9.749997848768588993e-01 9.676154494458208966e-01 9.884687599197777841e-01 9.892654828939660971e-01 9.940702208499224701e-01 9.928276355872567294e-01 9.781443741112166856e-01 9.950568946568726370e-01 9.893718908979829418e-01 9.928852399538906637e-01 9.892511293743916356e-01 9.840361922466687172e-01 9.712302517278689207e-01 9.858984958654335440e-01 9.914429533827403551e-01 9.902787860821247179e-01 9.850149533286368664e-01 9.936910652186692339e-01 9.818933660640758454e-01 9.865828566879650818e-01 9.949539050270708174e-01 9.865958413055525567e-01 9.565379267172640088e-01 9.977786680460972724e-01 9.877410987632372352e-01 9.892812275344126105e-01 9.869442563557584425e-01 9.979081253424739728e-01 9.920449329242152503e-01 9.955784128993606652e-01 9.975205155936330836e-01
9.803539582143496744e-01 9.912533483749906837e-01 9.885472208790678783e-01 9.953697048782235157e-01 9.922316712706704678e-01 9.979379831521024702e-01 9.985933089971127385e-01 9.987211065841796742e-01 9.879450552165239818e-01 9.941688516309886703e-01 9.915836839042009299e-01 1.000000000000000000e+00 9.899122546169397685e-01 9.906652480805695493e-01 9.934143029156504712e-01 9.948128696697315920e-01 9.842275035601447675e-01 9.968428545369770744e-01 9.860504011568160809e-01 9.966848989623595667e-01 9.961727776868927187e-01 9.957569735260958232e-01 9.924144917885993067e-01 9.932188543567909145e-01 9.933059766430730742e-01 9.869240236530201216e-01 9.957272441031210786e-01 9.966156609671570354e-01 9.951422873137500957e-01 9.947173821266113158e-01 8.502940342860705325e-01 9.985624412221671964e-01 9.899731788517743825e-01 9.961688277726031826e-01 9.884514566678356262e-01 9.922138983695881764e-01 9.944708720702928328e-01 9.923386265653778571e-01 9.909537185879648824e-01 9.971952055517875335e-01 9.838286705886507555e-01 9.965497854282844292e-01 9.965317859584800209e-01 9.978079105761640255e-01 9.958490145457136178e-01 9.953566543195769833e-01 9.976461123309660062e-01 9.851271657611574417e-01 9.989396629727425037e-01 9.919886478578986422e-01 9.881653214185612821e-01 9.935202592809739830e-01 9.963751341491304814e-01 9.971925034060957760e-01 9.899089387120298955e-01 9.942044475151299299e-01 9.985459186524340280e-01 9.947333527710140455e-01 9.923251629667964036e-01 9.959941191695561580e-01 9.958456515607673198e-01 9.964224062001624249e-01 9.977958291053141693e-01 9.939266615825457230e-01 9.979464863969962352e-01 9.944956360736243450e-01 9.852414124666070139e-01 9.844192381824337090e-01 9.927426274624938651e-01 9.913920168433045799e-01 9.982775620585979670e-01 9.970289265982429372e-01 9.968195533432961941e-01 9.963074654531217655e-01 9.918278564864747571e-01 9.918774514756533156e-01 9.851162331825353835e-01 9.934409871339494602e-01 9.841553766258543945e-01 9.870232714039888222e-01 9.756079396439311102e-01 9.940430508611738381e-01 9.921788336469821168e-01 9.926395256889809504e-01 9.927903082206716023e-01 9.947468399406194095e-01 9.898701120174326906e-01 9.863268811617473819e-01 9.960129527476732081e-01 9.922744552806304075e-01 9.871507923226697789e-01 9.895722872758644373e-01 9.934153419545017627e-01 9.931102992989848666e-01 9.973404830415610878e-01 9.876974664054389841e-01 9.977195200211858017e-01 9.797159832936604973e-01 9.954031977600671377e-01 9.935116258455434224e-01 9.953774113837449145e-01 9.727203766181599098e-01 9.937671142269052238e-01 9.988894993391972399e-01 9.970930778352111723e-01 9.933999752605910949e-01
9.964152648444840610e-01 9.925355647287077421e-01 9.947309825427036456e-01 9.785676655348813924e-01 9.940455852300895678e-01 9.884479310144581587e-01 9.885899295141967746e-01 9.860848533923746162e-01 9.986155400126932591e-01 9.866390758055639809e-01 9.923565336725505004e-01 9.899122546169397685e-01 1.000000000000000222e+00 9.725145268699592060e-01 9.955989577102672961e-01 9.955128658024025023e-01 9.912772467770876172e-01 9.963574323392658805e-01 9.987731567119715326e-01 9.946909549474018952e-01 9.941761077637640831e-01 9.801917429946863658e-01 9.691068301798113627e-01 9.967418115936421685e-01 9.963140446527462002e-01 9.586639031594985649e-01 9.962821840791944439e-01 9.787225220665509706e-01 9.963599529242602726e-01 9.968127939811679550e-01 8.792588415543828306e-01 9.905207323646045836e-01 9.985587563832543090e-01 9.783984895652102498e-01 9.942332912507634290e-01 9.916702812660008748e-01 9.955116395472554114e-01 9.831144328153662570e-01 9.961337972112871419e-01 9.931452630164714357e-01 9.963405303389852863e-01 9.941242984007979677e-01 9.789387052947249312e-01 9.858667066268580470e-01 9.852259797271938346e-01 9.932030531835371878e-01 9.886071188925180664e-01 9.985250256139733827e-01 9.930211110560139831e-01 9.971124810264523353e-01 9.987857661245608254e-01 9.950497984637963755e-01 9.867638147564720130e-01 9.849341810654520524e-01 9.914416109967886248e-01 9.925842703998808414e-01 9.884971317644740685e-01 9.961294884944342787e-01 9.931746653255715263e-01 9.968218788901940242e-01 9.968608621445308460e-01 9.955154410572357726e-01 9.847895097364581796e-01 9.989507338977247075e-01 9.896139581845350142e-01 9.915544204483046631e-01 9.975169865136137570e-01 9.918497704257619452e-01 9.968092858349943963e-01 9.977871905109347850e-01 9.888443319874783421e-01 9.940188362453191706e-01 9.790561543861925342e-01 9.963763590938173875e-01 9.966525447843022079e-01 9.726414071200957245e-01 9.820009655653874070e-01 9.961953056063387324e-01 9.985254285048142942e-01 9.963022486855658277e-01 9.753886218997090962e-01 9.797056859909791804e-01 9.804053862616305404e-01 9.975938985942675030e-01 9.960110638387416060e-01 9.870134680387978587e-01 9.956265768567524876e-01 9.836529402073734829e-01 9.920378268524451260e-01 9.966214941910050973e-01 9.961880608232365208e-01 9.672210260040130514e-01 9.938851361745535407e-01 9.867186404541682387e-01 9.840428314472834392e-01 9.900079113785079654e-01 9.884157027606925716e-01 9.509231602703395181e-01 9.939147321318029249e-01 9.866851904265871998e-01 9.910840861435179505e-01 9.937057578759276311e-01 9.900298748971034790e-01 9.919142723832600206e-01 9.955319144953544974e-01 9.895578607904786939e-01
9.679422524903675829e-01 9.742595636061462949e-01 9.637829447808835548e-01 9.815866097409939872e-01 9.716102106057911136e-01 9.948049634761892968e-01 9.929836394737054928e-01 9.882075342846203814e-01 9.724717403522615822e-01 9.899297563131170818e-01 9.730656708316044456e-01 9.906652480805695493e-01 9.725145268699592060e-01 9.999999999999998890e-01 9.744803533216460645e-01 9.871362581655221957e-01 9.801484510764767455e-01 9.858542108308798735e-01 9.710746465401589589e-01 9.866302311104807599e-01 9.877877174821068085e-01 9.935603791245950500e-01 9.885664750832200420e-01 9.763524750730945279e-01 9.836058614308403891e-01 9.864407802171023532e-01 9.816762846930126019e-01 9.951088910909838825e-01 9.846858838939396286e-01 9.821266371278823959e-01 7.778483396907650560e-01 9.848313525891172482e-01 9.749315260746861389e-01 9.950754144206251928e-01 9.633341925086426061e-01 9.784855844733066910e-01 9.754723881573923450e-01 9.972317066155982346e-01 9.721049995078536732e-01 9.916828953189650298e-01 9.585754052293030680e-01 9.883330264835568091e-01 9.880710507290585420e-01 9.913943255418327105e-01 9.954757275284656926e-01 9.822152014768652517e-01 9.956144668698856393e-01 9.651453114926845656e-01 9.844133833889102680e-01 9.776049288412179683e-01 9.743179199538355428e-01 9.761507514419118792e-01 9.804736931837391145e-01 9.953560872427988926e-01 9.671783863517002811e-01 9.892024287902002611e-01 9.944193234625550160e-01 9.842079459796341245e-01 9.898275353676716515e-01 9.848270012575903731e-01 9.855402398755386262e-01 9.887262739730691141e-01 9.920837017826910076e-01 9.797286365046150580e-01 9.916527520607670843e-01 9.803218218878783086e-01 9.713365266622121519e-01 9.818626096325770991e-01 9.817622405861824442e-01 9.725017841566724330e-01 9.869315269598795126e-01 9.878460883891447830e-01 9.931168424809146966e-01 9.874376789393265463e-01 9.821201865461491876e-01 9.980594694880230433e-01 9.878855776880196560e-01 9.857636121697753717e-01 9.673956233083518264e-01 9.721288088844645126e-01 9.451145966516985020e-01 9.986629209012781727e-01 9.767403557824809734e-01 9.822359786256077419e-01 9.769202056664679779e-01 9.947766794380621391e-01 9.821364172235391710e-01 9.899471577543244027e-01 9.895792109063084041e-01 9.848180580852167187e-01 9.773487996652776566e-01 9.795553538195677090e-01 9.864850632414944309e-01 9.936804699391195150e-01 9.954365045996032002e-01 9.782440278883733908e-01 9.900010152335259050e-01 9.959345524587674969e-01 9.817079293865939027e-01 9.943372155935028545e-01 9.823727954565921738e-01 9.428127864128845737e-01 9.784569697491597440e-01 9.887712164439669271e-01 9.825149941297655065e-01 9.815104065307578285e-01
9.867568347844052346e-01 9.969596753163721958e-01 9.972369461937715673e-01 9.900231518977230527e-01 9.994678099502432023e-01 9.910946166309051453e-01 9.916012467237886874e-01 9.925583400156801073e-01 9.942017223955776917e-01 9.844139302526887514e-01 9.983264814627176298e-01 9.934143029156504712e-01 9.955989577102672961e-01 9.744803533216460645e-01 1.000000000000000222e+00 9.926234913218527911e-01 9.818203875370448142e-01 9.972872967875737737e-01 9.922073209981309150e-01 9.960550562504001393e-01 9.957864055716711960e-01 9.866957660452106982e-01 9.809354172065684052e-01 9.991129410486183637e-01 9.929120152586459191e-01 9.734272092996014702e-01 9.983357054538879449e-01 9.861162803429386337e-01 9.945336326833413843e-01 9.949238191102952600e-01 8.940477712528674958e-01 9.956747272772114021e-01 9.940934054350171190e-01 9.840164875697626767e-01 9.982480304318002151e-01 9.961748922555010433e-01 9.996289936556224109e-01 9.798632861222852375e-01 9.992755585523939166e-01 9.932016311124632901e-01 9.967654088664208434e-01 9.940758575061138247e-01 9.883207724094442703e-01 9.924263543486677719e-01 9.861979994622759316e-01 9.969699358318798721e-01 9.885985628198602493e-01 9.930137571263647489e-01 9.969222682975961147e-01 9.968949786429144311e-01 9.932561537605888446e-01 9.992568071559736476e-01 9.949091803212946061e-01 9.893482577896206553e-01 9.988090882613461785e-01 9.878642630721310436e-01 9.916055610076647264e-01 9.969233535965656978e-01 9.889316097235497649e-01 9.961117067084305221e-01 9.965159721548467742e-01 9.924530802938392737e-01 9.916985388288630521e-01 9.957366839511319068e-01 9.901581597464552686e-01 9.900751910614253859e-01 9.903709749701868903e-01 9.822113741343252435e-01 9.962081384644738691e-01 9.967678022287344008e-01 9.949453631102793683e-01 9.925602145408461974e-01 9.861550780083896406e-01 9.949983617009424686e-01 9.940502883179767046e-01 9.758082907494710634e-01 9.740244807300373342e-01 9.924665282996456561e-01 9.913609132307097394e-01 9.937136356036264662e-01 9.886465538041351309e-01 9.808023799535036114e-01 9.920400022710220700e-01 9.938854737047470023e-01 9.967245597546120495e-01 9.884518973667472119e-01 9.888258443774458062e-01 9.751856134652632235e-01 9.913437946597906114e-01 9.938486542586071337e-01 9.911619171368034609e-01 9.834893831820048504e-01 9.944511836368635782e-01 9.834115945288249838e-01 9.862946653349906612e-01 9.913255266092980689e-01 9.909728332160635533e-01 9.563651740227243625e-01 9.979746197215009218e-01 9.879743192064422974e-01 9.929722594235869115e-01 9.894499074074296630e-01 9.955602802393465067e-01 9.946759503887364628e-01 9.980196633882181256e-01 9.965147733567596422e-01
